0
1.25
0.007813
0
1.148438
1.414063
2
2.179688
2.429688
1.632813
2.171875
2.25
2.085938
1.984375
2.40625
0.984375
1.570313
1.71875
2.140625
2.265625
1.882813
1.898438
1.757813
1.742188
0.851563
2.757813
1.328125
3.25
1.882813
2.71875
2.21875
1.960938
2.523438
2.984375
2.09375
1.4375
1.65625
2.851563
2.085938
2.0625
1.921875
1.109375
2.21875
1.960938
1.75
1.78125
2.210938
1.554688
1.9375
1.96875
1.757813
2.398438
2.859375
1.820313
1.75
2.25
1.90625
1.71875
2.328125
1.804688
2.390625
2.265625
1.671875
1.59375
3.195313
2.265625
1.710938
3.117188
3.65625
3.429688
1.226563
1.507813
1.960938
2.375
2.03125
1.835938
1.648438
2.453125
2.523438
2.1875
1.765625
1.578125
1.625
1.664063
2.359375
1.664063
1.96875
1.757813
1.257813
1.78125
1.320313
2.125
1.421875
3.03125
1.890625
2.359375
1.570313
1.429688
1.34375
2.015625
1.398438
2.960938
1.71875
1.9375
1.90625
2.070313
1.828125
2.046875
1.570313
1.945313
2.554688
1.4375
1.859375
1.835938
2.25
2.359375
1.757813
2.132813
1.351563
2.351563
2.414063
1.25
1.898438
1.765625
1.84375
1.820313
2.195313
2.296875
1.367188
1.890625
1.546875
1.65625
1.53125
1.25
2.054688
1.742188
1.898438
1.210938
1.429688
2.546875
2.171875
2.992188
1.9375
1.117188
2.070313
1.265625
1.65625
1.4375
1.578125
1.609375
2.757813
2.765625
1.679688
2.132813
2.921875
3.296875
2.242188
1.859375
1.304688
2.765625
2.679688
2.210938
1.953125
1.8125
1.921875
1.476563
1.78125
1.046875
2.085938
2.835938
1.710938
1.859375
1.882813
1.359375
2.34375
2.046875
2.40625
3.789063
2.554688
1.867188
1.601563
1.851563
2.671875
3.21875
2.664063
1.179688
1.585938
1.367188
2.03125
2.585938
2.28125
4.109375
1.851563
1.757813
1.578125
2.789063
3.710938
2.273438
1.898438
3.523438
2.3125
1.109375
1.8125
2.1875
2.414063
1.914063
1.492188
2.140625
2.5625
2.546875
1.773438
2.75
2.148438
2.273438
3.320313
3.1875
2.007813
2.859375
1.554688
2.4375
3.851563
1.96875
3.554688
2.28125
2.710938
2.085938
2.125
2.226563
3.78125
3.210938
2.203125
2.289063
3.125
1.921875
2.554688
3.429688
3.5
2.164063
1.742188
2.71875
1.625
2.140625
2.460938
5.734375
2.53125
2.453125
1.632813
3.289063
2.445313
2.4375
1.585938
2.40625
1.695313
2.796875
1.859375
1.429688
2.070313
2.742188
2.257813
4
3.390625
2.984375
2.023438
2.65625
3.75
2.703125
2.578125
2.460938
2.4375
1.695313
2.3125
2.890625
3.273438
2.640625
1.40625
2.296875
1.640625
3.679688
2.0625
2.898438
2.390625
2.320313
1.664063
1.71875
2.976563
1.539063
2.15625
2.015625
1.992188
1.609375
1.507813
2.695313
2.5
2.414063
2.1875
2.632813
3.140625
2.1875
1.992188
2.453125
2.203125
3.054688
2.65625
1.90625
1.640625
2.164063
5.203125
1.820313
4.15625
3.289063
1.664063
1.945313
2.179688
3.007813
2.28125
2.554688
1.890625
2.734375
2.398438
2.703125
1.875
2.234375
1.226563
2.578125
1.484375
2.226563
1.015625
2.65625
3.492188
3.148438
1.609375
1.726563
2.507813
2.375
2.453125
2.148438
2.640625
2.195313
2.140625
2.039063
2.21875
2.78125
1.859375
2.65625
1.984375
1.546875
3.132813
2.0625
2.117188
1.640625
2
2.625
2.5625
2.3125
1.625
2.507813
1.6875
1.851563
3.5
1.710938
2.0625
2.117188
1.085938
2.515625
2.664063
1.695313
1.890625
2.15625
1.640625
2.296875
1.765625
1.898438
2.195313
1.976563
1.875
3.148438
2.3125
1.507813
2.210938
4.328125
1.484375
2.179688
2.289063
2.265625
2.015625
2.039063
1.617188
2.375
1.945313
2.40625
1.554688
1.789063
1.585938
1.304688
2.320313
1.398438
1.382813
1.578125
1.117188
2.632813
2
1.984375
1.34375
1.507813
1.445313
1.710938
0.570313
1.578125
1.664063
2.007813
1.578125
2.023438
2.007813
2.296875
1.734375
1.835938
1.585938
1.875
1.742188
1.070313
1.328125
1.835938
1.375
2.515625
2.484375
1.960938
1.9375
1.617188
1.539063
1.554688
1.570313
2.28125
2.140625
2.578125
1.984375
1.5625
1.328125
0.929688
1.71875
1.398438
1.75
1.945313
1.507813
2.648438
2.28125
2.304688
2.046875
2.140625
1.945313
1.71875
1.796875
1.671875
2.359375
2.078125
2.34375
1.265625
4.03125
1.265625
1.3125
1.6875
2.84375
0.960938
2.679688
2.4375
2.195313
1.757813
1.414063
2.390625
1.890625
1.40625
1.609375