0
0.960938
0
0
1.242188
1.625
1.570313
1.523438
1.953125
1.914063
3.164063
1.648438
1.734375
2.414063
1.890625
2.289063
2.023438
1.3125
1.671875
3.171875
1.859375
1.59375
2.125
1.96875
1.789063
1.695313
1.320313
2.335938
1.6875
2.195313
2.078125
1.601563
3.046875
2.359375
3.203125
2.75
1.554688
2.234375
1.835938
1.640625
2.320313
2.429688
1.234375
2.65625
2.125
1.90625
2.304688
1.320313
2.078125
2.398438
2.273438
1.570313
1.101563
1.414063
1.664063
2.234375
1.804688
3.40625
1.492188
2.054688
2.203125
1.523438
1.695313
2.21875
1.429688
1.515625
1.234375
2.710938
2.148438
1.820313
1.210938
1.835938
2.179688
2.140625
2.140625
1.570313
2.828125
2.8125
1.132813
1.226563
1.71875
1.515625
1.484375
2.164063
1.742188
1.273438
2.335938
1.179688
1.679688
2.070313
2.671875
2.492188
1.695313
2.554688
1.375
1.34375
1.773438
1.273438
2.078125
2.351563
2.296875
1.984375
1.664063
1.28125
1.421875
1.820313
1.203125
1.445313
2.40625
1.679688
2.453125
1.671875
2.710938
2.15625
2.148438
2.296875
2.15625
1.351563
1.59375
1.804688
1.90625
1.65625
1.664063
1.765625
1.851563
1.726563
1.578125
1.5625
1.929688
1.4375
2.03125
1.523438
1.625
1.75
1.9375
1.671875
1.320313
1.234375
2.515625
1.351563
1.585938
1.6875
2.382813
1.351563
1.164063
1.890625
2.148438
1.742188
2.109375
1.78125
1.789063
1.0625
1.015625
1.40625
2.125
1.835938
1.515625
2.210938
1.742188
1.554688
2
1.796875
1.421875
1.671875
1.289063
2.351563
2.4375
1.476563
2.132813
2.195313
1.820313
1.960938
1.992188
1.445313
1.28125
2.445313
3.007813
2.671875
3.320313
2.273438
2.390625
1.328125
1.984375
1.859375
1.835938
1.78125
1.421875
2.109375
1.5
1.226563
1.835938
1.125
2.03125
1.632813
1.210938
1.875
1.6875
2.304688
1.515625
1.617188
3.210938
2.03125
1.632813
1.40625
2.515625
2.757813
1.625
1.992188
2.023438
2.453125
2.007813
1.757813
1.421875
2.382813
2.054688
2.242188
2.921875
1.960938
1.507813
1.835938
2.132813
2.28125
3.203125
1.835938
2.03125
1.804688
1.75
1.742188
1.726563
1.734375
2.632813
2.851563
2.640625
2.460938
2.140625
1.828125
2.28125
2.234375
1.546875
2.515625
2.53125
2.25
1.546875
3.773438
2.921875
3.398438
2.820313
2.484375
1.390625
1.703125
1.390625
2.992188
2.203125
1.960938
0.945313
2.304688
1.5625
1.9375
2.1875
2.609375
3.335938
2.40625
1.6875
1.929688
1.90625
1.835938
2.351563
2.226563
2.546875
1.773438
2.0625
2.664063
2.414063
3.6875
1.914063
2.992188
2.804688
1.554688
2.046875
1.46875
1.773438
1.929688
1.84375
2.484375
2.914063
2.078125
2.320313
2.484375
2.421875
1.835938
1.671875
2.65625
2.875
2.320313
1.585938
2.789063
1.171875
1.960938
2.148438
1.5
2.5625
2.382813
1.929688
2.164063
1.539063
1.734375
3.21875
1.898438
2.265625
2
2.84375
2.320313
1.609375
2.3125
1.835938
1.625
2.757813
2.578125
2.523438
2.875
2.195313
1.429688
1.960938
1.648438
3.578125
2.054688
1.898438
2.992188
1.796875
3.484375
3.328125
2.046875
2.273438
3.03125
4.523438
1.976563
2.085938
2.710938
3.671875
1.625
1.5
2.40625
2.023438
2.171875
1.179688
1.75
2.40625
1.90625
2.3125
2.257813
1.851563
1.375
2.421875
2.664063
2.171875
2.304688
2.609375
2.015625
2.445313
1.992188
1.398438
2.679688
0.921875
1.90625
2.46875
2.039063
2.671875
2.21875
2.15625
1.523438
1.085938
2.234375
2.664063
2.171875
1.914063
1.59375
2.304688
1.71875
1.625
2.21875
1.851563
2.179688
1.578125
2.546875
1.84375
1.671875
1.054688
2.4375
1.882813
3.4375
1.867188
1.476563
1.09375
1.578125
2.0625
1.203125
1.304688
2.09375
1.546875
2.632813
2.320313
2.28125
1.9375
2.679688
2.023438
1.632813
1.359375
2.320313
2.992188
1.523438
1.695313
1.53125
2.015625
1.804688
1.523438
1.132813
2.46875
2.328125
1.601563
2.0625
1.609375
0.953125
1.507813
2.0625
1.265625
1.625
1.328125
1.945313
1.539063
1.75
1.273438
2.132813
2.773438
1.789063
2.070313
1.304688
1.375
1.992188
1.734375
2.195313
1.835938
2.164063
1.875
1.8125
1.523438
1.578125
2.945313
2.007813
1.703125
1.78125
2.0625
2.15625
1.976563
2.21875
2.8125
2.054688
1.578125
1.460938
2.171875
1.429688
1.921875
1.921875
1.890625
1.5
1.65625
1.789063
2.523438
1.585938
1.515625
2.09375
2.015625