0
2.65625
3.078125
4.601563
2.8125
4.054688
3.492188
4.15625
4.890625
1.5
4.328125
5.242188
4.0625
5.179688
7.507813
5.71875
2.539063
3.476563
2.117188
4.5625
3.570313
2.515625
4.257813
3.203125
3.070313
2.125
3.921875
3.335938
3.296875
5.078125
2.796875
3.929688
4.140625
5.78125
4.171875
4.453125
4.578125
3.78125
4.109375
2.460938
4.046875
2.90625
2.226563
2.71875
3.125
3.914063
5.007813
3.0625
4.820313
8.882813
4.3125
3.992188
4.515625
3.929688
3.429688
7.0625
10.65625
5.890625
4
4.257813
3.703125
4.695313
4.835938
3.96875
4.695313
2.632813
3.28125
2.625
4.140625
2.835938
3.976563
2.367188
3.492188
3.765625
3.203125
2.109375
2.25
3.515625
2.765625
3.742188
5.773438
2.804688
2.5625
4.8125
3.757813
2.054688
2.523438
2.570313
2.445313
4.304688
2.8125
3.890625
4.070313
3
3.898438
4.351563
2.351563
3.492188
5.234375
2.617188
3.585938
2.453125
3.796875
2.3125
1.835938
1.890625
2.421875
2.601563
4.609375
5.078125
6.632813
2.382813
4.375
2.414063
4.78125
3.601563
2.382813
2.296875
3.523438
3.914063
2.945313
3.507813
3.3125
4.421875
3.78125
4.78125
2.132813
2.242188
3.0625
4.289063
4.460938
2.492188
2.078125
5.164063
2.234375
3.664063
2.882813
3.476563
4.226563
4.679688
2.859375
3.234375
2.539063
2.851563
2.476563
3.234375
3.039063
6.09375
4.757813
2.875
2.773438
2.789063
4.640625
5.0625
3.898438
2.375
4.273438
3.703125
3.5625
5.898438
2.59375
2.617188
5.390625
3.890625
4.132813
2.867188
3.179688
2.671875
2.960938
4.015625
1.84375
8.28125
2.78125
3.070313
3.96875
2.828125
5.6875
4.570313
2.953125
4.3125
2.703125
2.539063
4.382813
6.21875
3.453125
4.132813
3.921875
2.609375
3.070313
2.351563
4.265625
3.539063
3.90625
3.085938
3.398438
5.28125
3.90625
3.671875
2.234375
3.8125
3.820313
1.898438
1.90625
3.054688
3.015625
2.296875
3.273438
2.453125
5.109375
2.523438
5.015625
3.78125
4.15625
2.765625
3.460938
3.539063
2.765625
2.804688
3.453125
3.960938
2.445313
2.445313
5.671875
3.335938
3.171875
8.070313
3.695313
5.234375
4.320313
5.257813
4.5
6.632813
10.164063
7.304688
2.320313
6.59375
5.96875
2.007813
3.664063
4.039063
4.882813
3.367188
2.875
3.609375
3.5625
3.648438
6.492188
5.265625
4.554688
4.773438
3.335938
3.867188
6.054688
4.929688
3.710938
3.484375
5.078125
4.242188
5.898438
3.617188
4.25
4.320313
4.757813
4.765625
7.1875
3.78125
7.242188
5.882813
3.210938
3.96875
4.445313
4.484375
4.203125
4.53125
3.578125
5.726563
4.328125
7.03125
2.710938
6.78125
4.164063
3.960938
3.296875
5.992188
7.8125
5.8125
5.03125
5.507813
2.570313
3.351563
4.78125
4.023438
3.9375
3.40625
3.601563
3.21875
5.015625
3.78125
4.34375
3.460938
3.375
7.03125
3.929688
1.710938
3.90625
5.46875
4.460938
5.21875
3.367188
4.296875
2.960938
2.976563
3.351563
4.21875
3.125
4.34375
4.570313
3.0625
2.914063
2.78125
2.523438
2.023438
3.140625
4.421875
5.320313
3.703125
2.195313
2.96875
3.679688
5.382813
3.554688
2.820313
4.984375
3.929688
5.015625
5.078125
5.914063
4.03125
6.804688
3.765625
3.726563
2.898438
4.664063
2.71875
1.945313
3.46875
3
2.023438
2.609375
6.507813
3.078125
3.390625
2.921875
2.5625
4.84375
3.796875
3.382813
1.882813
3.359375
3.03125
2.453125
2.382813
1.828125
2.125
2.835938
2.34375
2.101563
4.304688
2.296875
2.75
3.640625
2.171875
2.5
2.867188
1.554688
2.617188
2.023438
3.539063
1.84375
2.710938
3.351563
4.0625
2.242188
3.226563
4.054688
3.851563
4.242188
2.789063
2.84375
2.414063
2.015625
1.78125
3.492188
1.625
2.539063
3.40625
3.070313
2.421875
1.984375
4.023438
1.492188
3.164063
2.8125
4.039063
3.023438
3.601563
2.28125
2.25
2.617188
2.617188
4.0625
2.460938
4.007813
2.75
2.367188
3.609375
2.632813
3.257813
2.492188
2.695313
3.0625
2.664063
2.828125
2.90625
1.9375
4.265625
4.3125
2.453125
3.445313
4.4375
2.054688
2.15625
1.757813
3.5625
2.242188
4.34375
3.921875
2.492188
2.640625
1.648438
2.695313
2.507813
3.75
3.90625
3.09375
4.421875
3.679688
2.210938
3.453125
2.796875
1.4375
3.0625
3.898438
2.179688
3.335938
1.40625
3.734375
3.234375
2.085938
2.21875
3.335938
2.789063
2.4375
3.03125
2.953125
2.851563
2.695313
3.65625
1.773438
3
5.601563