0
6.929688
0.203125
0
1.773438
3.398438
4.726563
6.898438
5.890625
4.65625
5.1875
6.976563
6.921875
2.648438
5.460938
5.953125
4.945313
4.867188
6.640625
4.90625
6.960938
4.859375
4.085938
3.4375
3.09375
7.867188
7.5625
4.375
4.507813
5.460938
6.921875
4.664063
3.601563
4.898438
7.828125
6.023438
7.765625
5.328125
4.335938
4.164063
6.242188
2.929688
6.265625
5.242188
5.773438
4.867188
5.601563
6.90625
4.625
5.460938
4.53125
7.414063
5.539063
2.804688
4.125
4.617188
2.664063
2.664063
3.195313
6.109375
4.453125
3.851563
5.921875
5.617188
7.328125
3.75
4.820313
8.015625
4.953125
5.203125
5.5
4.78125
3.875
4.492188
5.140625
7.601563
3.234375
3.6875
3.367188
6.546875
5.851563
4.273438
2.359375
3.039063
5.445313
3.734375
2.929688
3.304688
4.375
6.679688
5.828125
6.4375
5.914063
6.171875
3.421875
5.71875
6.625
5.523438
5.25
3.75
3.601563
3.921875
6.890625
5.109375
6.765625
3.054688
4.375
4.53125
3.570313
4.515625
2.984375
3.804688
6.5
4.898438
5.226563
4.828125
4.242188
7.132813
4.414063
4.4375
4.539063
5.6875
3.476563
4.8125
3.867188
3.53125
3.015625
3.398438
4.632813
3.132813
6.546875
7.210938
2.59375
2.6875
6.679688
4.875
5.296875
5.101563
4.820313
1.851563
3.398438
6.554688
4.359375
4.710938
3.320313
4.039063
3.046875
4.007813
6.523438
4.117188
5.046875
4.203125
2.140625
5.273438
4.867188
4.039063
3.710938
5.15625
3.765625
7.3125
2.523438
4.453125
4.78125
5.382813
4.476563
3.65625
4.320313
4.507813
5.25
8.125
4.367188
8.132813
4.71875
6.21875
5.953125
3.78125
3.429688
5.054688
3.960938
3.6875
4.90625
3.164063
4.632813
5.601563
4.46875
8.257813
4.195313
4.984375
5.039063
3.609375
6.765625
4.5625
5.351563
4.757813
3.6875
4.78125
5.015625
3.851563
3.242188
3.914063
4.601563
4.3125
5.28125
2.78125
3.898438
5.375
6.054688
6.195313
4.09375
3.476563
5.984375
3.789063
4.414063
3.75
5.398438
3.609375
3.164063
6.085938
3.945313
4.023438
4.78125
3.59375
5.554688
4.679688
4.46875
4.046875
4.9375
3.460938
2.710938
2.953125
5.453125
6.765625
2.617188
3.46875
4.453125
3.585938
3.046875
3.984375
3.671875
4.8125
3.6875
3.476563
3.617188
3.3125
3.664063
7.703125
5.882813
7.015625
6.320313
3.125
4.773438
4.382813
5.390625
3.78125
4.460938
2.171875
3.757813
5.460938
5.351563
3.484375
2.851563
2.273438
4.203125
3.242188
4.78125
5.515625
3.585938
3.875
4.851563
5.34375
3.40625
5.359375
5.03125
4.171875
4.195313
2.59375
3.40625
5.226563
3.890625
3.820313
1.328125
4.898438
3.703125
4.539063
3.6875
5.039063
5.3125
2.765625
5.515625
6.15625
6.226563
4.15625
6.398438
4.390625
2.492188
5.070313
5.210938
6.007813
2.359375
5.601563
4.429688
7.695313
4.484375
7.101563
7.109375
5.445313
9.15625
7.40625
5.46875
5.203125
7.015625
6.609375
4.664063
7.242188
3.6875
3.3125
2.65625
6.617188
4.5625
4.3125
5.046875
5.28125
4.96875
3.476563
7.09375
4.539063
5.445313
5.976563
4.71875
3.21875
6.460938
5.148438
5.429688
6.835938
7.09375
5.34375
9.359375
6.359375
3.1875
4.617188
2.585938
2.59375
3.289063
3.609375
2.046875
3.007813
3.820313
3.648438
5.210938
4.445313
4.125
5.734375
3.625
4.796875
4.367188
3.601563
3.359375
4.28125
4.570313
4.9375
4.476563
3.265625
2.539063
3.695313
4.742188
3.140625
4.234375
3.992188
4.007813
4.210938
4.335938
3.429688
7.46875
3.851563
4.59375
3.242188
4.914063
3.679688
4.304688
3.703125
4.375
3.703125
4.359375
3.484375
6.867188
3.507813
4.476563
2.679688
6.09375
4.367188
3.546875
4.570313
4.34375
3.695313
2.9375
2.726563
2.875
3.96875
2.703125
6.171875
4.609375
5.53125
5.796875
3.992188
4.0625
2.695313
3.484375
2.773438
3.085938
5.445313
5.515625
2.953125
4.109375
3.195313
3.65625
3.328125
2.546875
4.3125
4.875
2.8125
4.773438
4.359375
3.515625
3.070313
5.429688
3.65625
2.429688
3.617188
4.625
3.703125
5.085938
3.71875
5.242188
4.914063
4.742188
2.515625
4.4375
3.515625
6.84375
4.304688
3.15625
4.8125
6.09375
4.171875
3.6875
4.421875
3.203125
3.242188
3.03125
5.273438
3.140625
6.257813
7.3125
4.515625
3.28125
4.054688
5.078125
5.226563
4
4.9375
4.414063
4.984375
4.007813
3.578125
4.140625
4.851563
5.046875
5.164063
3.742188
3.320313
5.359375