0
1.25
1.265625
2.234375
2.070313
2.03125
1.40625
1.78125
1.960938
1.757813
1.726563
1.53125
2.046875
2.445313
2.242188
2.820313
3.273438
1.703125
2.359375
2.671875
3.320313
1.882813
1.242188
1.96875
2.21875
2.195313
2.648438
2.726563
1.84375
2.4375
2.859375
2.640625
2.242188
2.742188
2.132813
1.679688
1.890625
2.726563
2.414063
3.078125
1.851563
2.851563
1.820313
1.476563
0.882813
1.359375
2.445313
2.203125
2.585938
0.960938
1.757813
1.820313
3.039063
2.601563
2.984375
2.09375
2.21875
1.742188
2.609375
1.023438
2.1875
1.78125
2.242188
2.296875
2.03125
1.242188
1.664063
3.875
2.984375
1.8125
2.304688
1.976563
1.789063
1.460938
2.171875
1.734375
1.75
1.445313
1.6875
1.84375
1.984375
1.421875
1.484375
1.609375
1.453125
1.585938
1.820313
1.71875
1.75
1.773438
1.8125
2.382813
2.257813
1.828125
1.882813
1.8125
2.203125
2.140625
1.835938
2.328125
1.484375
2.273438
2.125
2.015625
1.726563
1.960938
2.171875
2.085938
1.828125
1.742188
1.804688
1.578125
2.015625
2.1875
2.132813
1.71875
2.296875
2.429688
2.132813
2.1875
2.601563
3.140625
1.898438
1.359375
2.617188
1.453125
1.492188
2.382813
2.304688
1.765625
2.289063
2.296875
1.453125
1.648438
1.445313
1.851563
1.71875
2.695313
1.320313
1.570313
2.390625
1.976563
2.164063
1.9375
2.304688
1.507813
1.960938
1.84375
2.421875
2.03125
2.585938
1.390625
2.054688
2.648438
2.273438
2.835938
1.476563
1.65625
2.1875
1.375
1.875
2.054688
2.34375
1.679688
2.132813
1.335938
2.109375
0.78125
2.273438
2.945313
1.695313
2.835938
1.929688
0.820313
2.914063
1.476563
2.921875
1.484375
1.710938
1.9375
1.921875
2.3125
2.945313
1.914063
1.96875
2.898438
2
3.085938
2.46875
1.59375
2.960938
4.015625
2.78125
2.28125
1.828125
3.453125
2.984375
2.28125
1.71875
2.476563
2.40625
1.601563
2.554688
1.789063
3.28125
3.617188
2.265625
3.179688
2.140625
2.398438
2.367188
1.75
1.78125
2.710938
2.648438
2.101563
2.445313
1.90625
3.023438
3.414063
2.359375
2.507813
2.40625
2.257813
3.65625
5.203125
2.523438
3.351563
3.96875
2.710938
3.070313
3.296875
3.984375
3.078125
3.414063
2.734375
2.273438
2.609375
2.335938
2.335938
1.914063
2.421875
2.632813
3.132813
3.757813
4.054688
2.851563
2.109375
1.773438
2.046875
2.625
2.898438
2.023438
1.8125
2.265625
2.515625
2.085938
2.492188
2.992188
2.578125
4.726563
2.875
2.226563
3.023438
2.21875
3.070313
2.320313
2.585938
2.007813
2.125
2.53125
2.882813
3.5
2.625
2.570313
2.859375
2.929688
2.476563
3.484375
2.664063
2.585938
3.265625
1.390625
2.0625
2.585938
3.171875
1.757813
2.726563
2.507813
3.023438
2.390625
2.460938
3.023438
1.976563
2.523438
2.367188
2.796875
2.898438
2.414063
2.125
2.648438
2.773438
3.421875
1.664063
1.859375
2.992188
4.789063
2.414063
2.414063
2.539063
2.648438
1.882813
3.382813
4.367188
2.242188
2.125
3.671875
1.820313
1.679688
2.390625
3.484375
2.453125
1.773438
1.765625
2.171875
3.109375
2.398438
1.914063
3.023438
2.601563
4.007813
2.695313
1.9375
2.0625
2.921875
1.84375
4.070313
2.429688
3.210938
2.265625
1.5625
2.117188
2.09375
2.085938
2.296875
2.09375
1.992188
1.625
1.84375
2.828125
1.601563
2.734375
1.726563
1.679688
1.742188
1.226563
1.9375
1.765625
3.4375
1.507813
2.554688
2.3125
1.53125
2.445313
1.820313
2.257813
1.648438
1.734375
1.914063
1.890625
2.132813
2.273438
1.789063
2.195313
1.804688
2.054688
1.898438
2.578125
1.375
2.609375
1.976563
2.5
2.648438
1.90625
1.4375
2.53125
1.132813
1.703125
1.867188
1.617188
2.492188
3.28125
2.367188
1.414063
2.046875
2.25
1.945313
2.539063
1.007813
1.734375
1.179688
2.289063
1.6875
2.4375
1.984375
2.445313
2.125
1.710938
2.585938
2.25
2.179688
2.109375
2.304688
1.789063
2.3125
2.492188
1.695313
2.34375
1.703125
1.625
1.578125
1.6875
2.375
1.65625
1.039063
1.875
1.84375
1.296875
1
2.085938
0.921875
1.851563
2.429688
1.664063
1.59375
1.851563
2.125
1.695313
2.109375
1.53125
1.328125
2.28125
1.695313
2.742188
1.757813
1.679688
2.59375
1.226563
2.132813
1.59375
2.15625
1.992188
2.375
2.171875
1.226563
1.507813
2.046875
1.710938
2.492188
1.835938
1.773438
2.046875
1.15625
1.90625
1.859375
2.125
1.65625
1.484375
2.039063
2.390625
2.140625