0
0.960938
0.898438
2.851563
2.34375
1.21875
1.117188
1.4375
2.09375
1.625
1.726563
2.476563
1.632813
1.554688
3.078125
2.914063
2.203125
1.609375
2.085938
1.554688
2.007813
2.257813
2.460938
0.914063
1.734375
1.578125
1.4375
1.984375
1.953125
2.109375
1.65625
1.40625
2.039063
1.851563
2.820313
2.601563
3.054688
2.070313
1.265625
1.90625
2.578125
2.992188
1.960938
1.898438
2.242188
2.0625
1.15625
1.445313
1.914063
1.429688
1.539063
1.15625
2.023438
2.4375
1.929688
3.070313
2.71875
2.648438
1.75
2.25
2.578125
1.835938
2.265625
3.171875
1.53125
1.835938
2.398438
2.601563
2.304688
3.679688
2.242188
2.46875
1.84375
1.914063
2.265625
1.09375
1.484375
1.492188
2.382813
2.0625
2.070313
1.328125
1.96875
1.382813
2.4375
1.335938
1.65625
1.5625
1.84375
1.453125
1.539063
1.875
1.664063
1.1875
1.773438
1.328125
1.273438
2.007813
1.90625
2.617188
1.257813
1.640625
2.117188
1.359375
1.90625
1.96875
1.359375
1.648438
1.171875
1.359375
2.46875
1.578125
2.945313
3.492188
2.359375
1.75
1.945313
2.046875
1.882813
2.421875
2.007813
1.734375
1.476563
1.359375
1.757813
2.125
1.210938
1.25
1.367188
2.085938
1.867188
1.515625
1.296875
2.546875
2
1.914063
2.140625
1.890625
2.289063
1.242188
2.046875
1.523438
2.421875
1.734375
1.335938
2.070313
1.382813
1.664063
2.554688
1.5625
1.867188
1.65625
2.023438
1.421875
2.398438
1.835938
1.40625
1.757813
2.679688
1.632813
1.445313
1.414063
1.492188
2.34375
1.914063
2.367188
1.859375
1.4375
1.632813
1.945313
1.992188
2.367188
1.398438
1.476563
2.273438
2.414063
1.976563
3.296875
2.03125
1.648438
2.367188
1.265625
2.171875
2.390625
1.546875
1.757813
2.273438
1.460938
1.5
2.109375
3.09375
2.609375
2.8125
2.054688
1.328125
1.804688
1.539063
2.039063
1.492188
1.625
0.984375
2.664063
1.765625
1.578125
2.421875
2.046875
1.34375
1.9375
1.570313
1.445313
2.078125
1.90625
2.25
2.945313
1.96875
2.054688
2.390625
1.242188
2.828125
1.976563
1.992188
3.046875
2.390625
2.078125
2.070313
2.429688
2.492188
1.960938
3.382813
2.007813
1.828125
3.171875
2.742188
1.46875
1.640625
1.414063
1.835938
3.132813
2.78125
1.546875
1.78125
2.59375
2.351563
3.40625
3.523438
3.53125
2.5
2.046875
2.171875
2.398438
2.1875
2.84375
1.664063
1.820313
2.140625
2.070313
1.289063
2.148438
2.304688
1.875
2.5
2.515625
2.375
1.867188
2.546875
2.367188
2.421875
2.359375
1.25
2.140625
2.101563
2.234375
2.664063
3.515625
2.265625
1.273438
2.78125
1.710938
3.203125
1.84375
1.75
2.109375
1.765625
2.796875
1.96875
2.28125
2.242188
2.75
2.375
1.765625
1.257813
1.78125
2.023438
1.71875
2.5
2.265625
1.53125
2.921875
1.484375
1.804688
2.953125
1.390625
1.742188
2.070313
2.296875
2.695313
2.390625
2.085938
2.515625
2.007813
2.039063
1.453125
1.59375
3.304688
2.484375
3.125
3.0625
2.695313
2.007813
2.5625
2.1875
1.359375
2.390625
1.15625
2.453125
2.882813
2.117188
2.054688
2.382813
3.078125
3.125
2.664063
1.773438
2.101563
3.648438
2.25
2.585938
3.953125
2.6875
2.023438
1.929688
2.4375
2.0625
1.90625
1.679688
2.648438
1.101563
1.65625
2.8125
2.007813
1.609375
1.15625
2.398438
2.445313
1.75
1.882813
2.703125
1.351563
1.617188
1.992188
0.914063
1.273438
1.210938
1.695313
3.234375
2.039063
2.078125
1.648438
1.023438
1.921875
1.851563
1.234375
1.734375
1.484375
1.976563
1.90625
1.4375
1.726563
1.609375
2.007813
2
2.15625
1.609375
0.648438
2.085938
2.507813
2.851563
1.210938
2.320313
1.554688
1.375
1.851563
1.6875
1.867188
2.546875
1.5625
1.789063
1.664063
1.460938
1.867188
1.882813
0.960938
1.109375
1.867188
1.445313
1.859375
1.71875
1.945313
2.820313
2.359375
1.71875
2.164063
1.429688
1.21875
1.632813
2.28125
1.515625
1.945313
1.4375
1.132813
1.71875
1.710938
1.617188
1.9375
1.398438
1.570313
1.625
2.132813
1.914063
1.867188
1.414063
2.007813
0.890625
2.117188
1.757813
0.914063
1.914063
2.210938
1.648438
2.273438
1.4375
1.890625
1.835938
1.460938
1.695313
1.859375
1.671875
0.96875
1.132813
2.226563
1.359375
2
2.101563
2.789063
1.484375
1.632813
1.226563
2.265625
1.953125
1.460938
1.601563
1.039063
1.8125
1.304688
2.265625
2.171875
1.382813
1.882813
1.25
1.609375
2.023438