0
2.65625
0.03125
0
1.960938
7.59375
5.070313
7.359375
9.789063
6.328125
5.84375
7.539063
5.140625
6.367188
6.03125
6.984375
3.046875
3.34375
5.867188
4.757813
2.414063
2.515625
5.492188
4.984375
3.179688
3.601563
2.601563
4.179688
3.976563
5.601563
3.882813
4.023438
2.71875
4.5625
5.664063
6.078125
2.890625
2.960938
2.148438
1.867188
5.6875
2.492188
3.125
7.578125
5.335938
5.007813
5.53125
3.34375
2.28125
4.03125
5.421875
6.164063
3.257813
4.8125
5.140625
6.625
4.398438
5.835938
5.34375
7.296875
6.703125
3.328125
2.507813
4.023438
4.625
4.023438
3.335938
4.109375
3.828125
2.710938
2.570313
7.289063
3.320313
2.335938
3.5
4.53125
3.15625
3.210938
3.195313
3.65625
5.921875
2.257813
5.1875
3.265625
3.507813
2.4375
4.585938
6.960938
4.09375
6.078125
4.429688
7.953125
6.78125
4.0625
6.976563
5.359375
6.023438
5.8125
7.539063
2.492188
1.835938
2.679688
4.304688
2.210938
3.007813
2.875
3.632813
2.320313
6.835938
7.445313
5.898438
3.320313
6.671875
4.84375
5.117188
3.242188
3.195313
4.40625
6.898438
6.773438
5.375
2.0625
2.765625
5.65625
6.140625
5.28125
3.054688
3.015625
3.75
4.875
4.203125
3.109375
3.914063
2.390625
2.398438
6.195313
5.734375
6.765625
6.820313
5.34375
7.046875
2.085938
3.5
2.539063
2.53125
5.695313
6.320313
5.820313
5.65625
4.117188
2.484375
2.648438
3.117188
6.015625
5.257813
7.609375
4.046875
3.6875
4
6.40625
6.179688
9.679688
2.007813
3.578125
3.390625
3.46875
4.96875
4.859375
6.242188
2.71875
4.914063
5.046875
3.515625
4.304688
2.3125
2.96875
3.484375
6
5.757813
4.101563
3.65625
1.6875
2.789063
7.757813
3.953125
2.6875
2.71875
3.882813
3.796875
3.765625
4.460938
4.9375
4.375
1.203125
3.140625
2.390625
3.28125
3.640625
1.585938
4.546875
6.765625
3.296875
2.320313
4.289063
3.320313
2.5625
3.625
3.34375
1.90625
3.148438
4.140625
5.65625
6.984375
3.992188
2.78125
4.195313
6.25
9.242188
6.226563
2.828125
2.570313
6.078125
8.507813
7.414063
4.125
4.648438
3.460938
8.15625
4.140625
3.148438
3.0625
5.671875
5.289063
6.445313
2.765625
6.234375
3.46875
3.960938
4.023438
7.742188
4.65625
4.148438
3.625
5.679688
4.445313
3.46875
5.554688
14.03125
7.335938
8.726563
3.882813
2.992188
2.671875
4.796875
2.367188
3.820313
6.15625
5.90625
4.664063
6.023438
6.5
6.734375
5.585938
4.742188
3.601563
8.992188
6.109375
10.671875
6.015625
3.046875
2.609375
5.515625
4.007813
4.492188
4.195313
4.117188
6.554688
5.335938
5.859375
3.539063
2.453125
4.59375
2.570313
5.53125
6.460938
6.351563
7.265625
9.414063
3.304688
5.210938
3.585938
4.070313
5.195313
3.617188
3.21875
5.953125
9.335938
5.414063
6.9375
4.078125
4.15625
10.921875
8.289063
2.515625
4.4375
2.867188
5.59375
3.328125
3.304688
2.570313
2.664063
2.546875
3.226563
3.945313
3.75
4.007813
3.28125
2.820313
2.851563
3.890625
4.570313
4.15625
4.992188
6.265625
7.945313
2.4375
3.3125
4.296875
2.359375
4.65625
5.359375
3.6875
4.492188
7.304688
4.75
4.148438
5.382813
6.109375
6.632813
6.773438
1.125
2.453125
4.5625
3.21875
2.367188
4.984375
6.039063
2.679688
7.015625
6.851563
9.054688
5.585938
2.859375
7.445313
6.75
3.945313
3.835938
3.117188
2.609375
2.5625
3.84375
5.40625
2.734375
2.898438
7.882813
2.351563
4.796875
3.5
2.765625
2.140625
2.570313
2.90625
2.90625
5.890625
2.265625
2.859375
4.164063
6.234375
4.992188
3.390625
3.085938
5.203125
2.679688
2.75
4.796875
4.273438
1.78125
5.015625
5.914063
3.71875
2.554688
2.820313
6.3125
3.007813
3.328125
3.414063
2.460938
2.171875
3.40625
3.375
4.429688
5.203125
3.492188
5.21875
7.023438
6.65625
2.710938
3.835938
5.742188
3.273438
3.171875
2.3125
3.359375
2.4375
1.929688
2.65625
1.484375
2.953125
3.007813
3.03125
3.109375
2.382813
2.960938
4.976563
4.5
5.125
6.757813
7.398438
7.671875
2.882813
2.390625
4.046875
3.8125
3.835938
3.414063
4.492188
2.585938
2.15625
3.796875
1.835938
3.445313
7.617188
3
6.867188
2.125
6.195313
8.234375
2.273438
3.289063
4.828125
1.65625
5.226563
6.09375
3.484375
5.65625
1.921875
4.117188
2.507813
2.539063
3.117188
3.4375
4.265625
3.125
3.90625
3.34375
4.53125
7.703125
2.429688
2.75
5.3125
7.546875