0
6.929688
2.875
4.132813
6.414063
5.257813
7.546875
8.664063
6.625
6.109375
6.929688
6.859375
5.289063
5.65625
5.148438
9.273438
4.796875
5.59375
5.757813
5.875
3.257813
6.0625
7.0625
6.617188
6.1875
6.265625
6.789063
7.28125
7.046875
8.515625
6.085938
5.226563
4.796875
3.171875
5.375
5.601563
5.65625
4.75
5.914063
4.210938
4
5.96875
7.53125
5.96875
8.21875
5.234375
5.835938
6.710938
6.039063
4.320313
5.140625
4.945313
5.007813
5.351563
5.054688
5.632813
4.6875
7.484375
3.554688
3.90625
3.328125
4.445313
10.34375
5.789063
5.40625
5.75
7.695313
6.828125
10.007813
7.351563
6.960938
5.765625
7.554688
4.515625
4.546875
7.835938
5.226563
3.59375
4.101563
6.070313
5.507813
6.414063
7.367188
5.929688
5.265625
4.125
4.804688
4.351563
5.273438
5.789063
6.507813
7.132813
6.71875
4.648438
4.234375
3.109375
6.359375
5.664063
4.4375
4.578125
3.445313
3.164063
8.578125
2.75
4.851563
4.765625
5.804688
6.070313
5.34375
3.78125
3.78125
4.335938
3.101563
4.273438
7.65625
4.953125
5.632813
3.117188
2.90625
3.117188
4.117188
4.953125
4.382813
5.203125
2.273438
5.4375
3.96875
3.992188
5.515625
2.835938
5.476563
6.289063
3.210938
3.632813
5.023438
5.523438
4.820313
3.632813
4.59375
5.820313
7.367188
8.054688
4.460938
4.320313
4.460938
3.085938
4.765625
5.28125
4.390625
2.851563
4.695313
3.8125
4.445313
6.578125
4.578125
5.773438
4.539063
5.007813
5.90625
5.34375
7.273438
4.53125
7.359375
9.351563
6.421875
5.210938
5.835938
3.4375
6.921875
7.070313
5.140625
5.40625
5.148438
4.421875
5.835938
4.507813
4.929688
3.210938
3.851563
8.742188
4.25
6.828125
6.359375
4.148438
7.328125
5.671875
6.609375
6.375
4.539063
5.070313
7.367188
5.289063
7.085938
2.671875
5.390625
6.890625
4.828125
3.679688
2.890625
5.195313
5.101563
3.992188
5.6875
3.226563
3.828125
6.742188
4.226563
6.445313
3.59375
3.875
6.46875
6.867188
5.9375
3.898438
3.203125
4.382813
3.34375
4.640625
2.828125
5.4375
5.78125
3.5
3.851563
3.679688
4.78125
5.242188
4.382813
5.140625
4.445313
4.796875
7.304688
5.0625
5.117188
3.015625
5
5.445313
3.390625
5.09375
3.054688
4.648438
3
6.625
2.914063
5.328125
4.070313
4.164063
4.203125
2.796875
5.578125
5.46875
6.023438
4.546875
6.171875
5.265625
5.21875
5.9375
4.382813
4.90625
7.015625
3.054688
5.6875
6.492188
5.59375
3.101563
5.375
5.101563
4.960938
4.890625
3.234375
3.125
4.710938
4.5625
5.398438
3.890625
5.953125
4.664063
5.484375
4.671875
5.3125
4.921875
5.28125
6.609375
4.46875
6.617188
5.328125
4.226563
6.25
4.65625
2.679688
4.15625
3.804688
5.742188
6.5
5.351563
3.507813
3.710938
5.679688
6.046875
4.617188
5.304688
3.953125
4.757813
7.65625
9.460938
4.867188
4.335938
2.71875
6.328125
4.125
6.023438
5
3
5.960938
6.78125
4.625
8.3125
4.664063
2.953125
4.296875
6.015625
3.234375
7.46875
5.421875
4.609375
4.960938
5.984375
5.726563
5.375
3.570313
5.390625
9.414063
4.703125
6.445313
3.789063
4.367188
4.460938
8.765625
9.289063
5.039063
5.609375
5.65625
6.40625
4.640625
3.085938
4.085938
4.875
5.140625
5.335938
4.140625
5.289063
3.625
6.054688
5.578125
4.78125
4.984375
5.828125
3.875
3.664063
4.484375
3.117188
3.289063
4.273438
2.59375
7.03125
4.210938
4.054688
5.726563
5.78125
6.421875
5.117188
4.632813
4.585938
7.664063
3.070313
5.398438
5.570313
3.3125
4.382813
5.046875
5.429688
7.828125
4.226563
6.3125
5.570313
4.140625
2.953125
3.703125
4.835938
4.554688
6.734375
5.5625
4.507813
3.34375
4.28125
2.375
4.171875
3.515625
3.789063
4.820313
4.125
5.234375
2.648438
4.117188
4.226563
4.203125
3.40625
4.953125
5.164063
5.789063
4.765625
5.59375
5.078125
3.632813
4.710938
4.570313
4.664063
2.65625
4.09375
5.5625
5.039063
4.109375
4.367188
5.5625
4.0625
7.054688
2.75
3.320313
3.125
6.632813
4.1875
3.953125
4.617188
3.507813
4.578125
5.085938
4.0625
6.164063
4.820313
4.820313
4.953125
7.703125
4.414063
6.8125
3.203125
4.265625
6.3125
5.578125
4.3125
5.21875
6.296875
3.335938
5.25
3.460938
3.773438
3.078125
4.195313
3.304688
7.179688
5.617188
6.984375
3.484375
5.679688
4.375
3.429688
4.859375
3.578125
3.820313
3.5
4.96875
5.492188
2.632813